//depth pos.x pos.y pos.z vwp.x vwp.y vwp.z max_dist
1 400 300 -600 400 300 0 100000

//id o.x o.y o.z l h mu.x mu.y mu.z nm.x nm.y nm.z n 
//id: 0 - plane, 1 - sphere, 2 - cylinder, 3- cone, 
//1 130 300 400 100 0 1 0.2 0.2 0 0 0 1.5
//1 270 300 400 30 0 0.2 0.2 1 0 0 0 1.5
0 400 600 400 1200 0 0.2 1 0.2 0 -300 0 1
0 400 300 600 1200 0 0.2 1 0.2 0 0 -300 1
2 130 200 400 130 150 1 0.2 0.2 0 -150 0 1.5
3 130 100 450 130 200 1 0.2 0.2 0 150 0 1.5
1 130 500 450 70 0 0.2 0.2 1 0 0 0 1.5
2 130 200 -1400 130 150 1 0.2 0.2 0 -150 0 1.5

//o.x o.y o.z spctr.x spctr.y spctr.z l I 
400 300 -600 0 0 0 10 2
630 300 400 255 255 255 10 2000
//70 100 400 0 0 0 10 700
630 300 -1000 255 255 255 10 2000
