//depth pos.x pos.y pos.z vwp.x vwp.y vwp.z max_dist
1 -600 300 600 0 300 600 100000

//id o.x o.y o.z l h mu.x mu.y mu.z nm.x nm.y nm.z n 
//id: 0 - plane, 1 - sphere, 2 - cylinder, 3- cone, 
//1 130 300 400 100 0 1 0.2 0.2 0 0 0 1.5
//1 270 300 400 30 0 0.2 0.2 1 0 0 0 1.5
0 400 600 400 1200 0 0.6 0.6 0.6 0 -300 0 1
0 400 0 400 1200 0 0.8 0.8 0.8 0 -300 0 1
0 400 300 1000 1200 0 1 1 0.2 0 0 -300 1
2 100 0 800 50 700 0.7 0.7 0.7 0 150 0 1.5
2 700 0 800 50 700 0.7 0.7 0.7 0 150 0 1.5
2 100 0 200 50 700 0.7 0.7 0.7 0 150 0 1.5
2 700 0 200 50 700 0.7 0.7 0.7 0 150 0 1.5
1 100 0 800 100 0 0.7 0.7 0.7 0 0 0 1.5
1 100 600 800 100 0 0.7 0.7 0.7 0 0 0 1.5
1 700 0 800 100 0 0.7 0.7 0.7 0 0 0 1.5
1 700 600 800 100 0 0.7 0.7 0.7 0 0 0 1.5
1 100 0 200 100 0 0.7 0.7 0.7 0 0 0 1.5
1 100 600 200 100 0 0.7 0.7 0.7 0 0 0 1.5
1 700 0 200 100 0 0.7 0.7 0.7 0 0 0 1.5
1 700 600 200 100 0 0.7 0.7 0.7 0 0 0 1.5
1 400 550 150 30 0 0.2 1 1 0 0 0 1.5

//o.x o.y o.z spctr.x spctr.y spctr.z l I 
400 300 -600 0 0 0 10 2
-100 200 -200 255 255 255 10 2500
900 200 -200 255 255 255 10 2500
//600 300 -1000 255 255 255 10 2000
